-4.5 4.5 -2899.5
-3.5 4.5 -2042
-2.5 4.5 -656
-1.5 4.5 -160
-0.5 4.5 -3484.5
0.5 4.5 -3897.5
1.5 4.5 -3833
2.5 4.5 -3833
3.5 4.5 -2966.5
4.5 4.5 -1247.5
-4.5 3.5 -4154
-3.5 3.5 -4148.5
-2.5 3.5 -4115.5
-1.5 3.5 -4996
-0.5 3.5 -4762
0.5 3.5 -4599
1.5 3.5 -4355.5
2.5 3.5 -4120.5
3.5 3.5 -3771
4.5 3.5 -3064.5
-4.5 2.5 -4760.5
-3.5 2.5 -4895
-2.5 2.5 -5069.5
-1.5 2.5 -5105
-0.5 2.5 -4937
0.5 2.5 -4708
1.5 2.5 -4537.5
2.5 2.5 -4370.5
3.5 2.5 -4062.5
4.5 2.5 -3742.5
-4.5 1.5 -5074
-3.5 1.5 -5099.5
-2.5 1.5 -5122
-1.5 1.5 -5059.5
-0.5 1.5 -4984.5
0.5 1.5 -4813.5
1.5 1.5 -4675.5
2.5 1.5 -4452
3.5 1.5 -4208
4.5 1.5 -3865.5
-4.5 0.5 -5095.5
-3.5 0.5 -5124
-2.5 0.5 -5102.5
-1.5 0.5 -5040
-0.5 0.5 -4967
0.5 0.5 -4852
1.5 0.5 -4697.5
2.5 0.5 -4422
3.5 0.5 -4213
4.5 0.5 -3966.5
-4.5 -0.5 -5115.5
-3.5 -0.5 -5130.5
-2.5 -0.5 -5019.5
-1.5 -0.5 -5008
-0.5 -0.5 -4917
0.5 -0.5 -4747.5
1.5 -0.5 -4431.5
2.5 -0.5 -4176
3.5 -0.5 -4169.5
4.5 -0.5 -3992
-4.5 -1.5 -4988
-3.5 -1.5 -5068
-2.5 -1.5 -4964.5
-1.5 -1.5 -4771
-0.5 -1.5 -4635.5
0.5 -1.5 -4396.5
1.5 -1.5 -4469.5
2.5 -1.5 -4305.5
3.5 -1.5 -4111.5
4.5 -1.5 -3679
-4.5 -2.5 -4875
-3.5 -2.5 -4867
-2.5 -2.5 -4762
-1.5 -2.5 -4788
-0.5 -2.5 -4680.5
0.5 -2.5 -4545
1.5 -2.5 -4377
2.5 -2.5 -4095.5
3.5 -2.5 -3960
4.5 -2.5 -4166
-4.5 -3.5 -4684.5
-3.5 -3.5 -4759.5
-2.5 -3.5 -4615
-1.5 -3.5 -4389.5
-0.5 -3.5 -4034
0.5 -3.5 -4130
1.5 -3.5 -3763.5
2.5 -3.5 -4578
3.5 -3.5 -4262.5
4.5 -3.5 -4667
-4.5 -4.5 -4560
-3.5 -4.5 -4421
-2.5 -4.5 -4341
-1.5 -4.5 -4664
-0.5 -4.5 -4578
0.5 -4.5 -4642
1.5 -4.5 -4796
2.5 -4.5 -5001.5
3.5 -4.5 -4578
4.5 -4.5 -4678
